20
20
10
20
30
healthy
0 5
0 6
1 6
5 15
7 17
7 19
8 18
8 19
9 17
10 8
10 18
11 16
11 17
12 16
12 18
12 19
13 17
14 18
15 5
15 19
16 7
16 9
16 15
16 16
16 18
17 7
17 16
17 17
17 18
17 19
18 5
18 6
18 7
18 9
18 15
18 17
19 3
19 4
19 8
19 9
19 12
19 17
immuneNotContagious
0 0
0 1
0 4
0 7
0 10
0 13
1 3
1 4
1 9
1 15
1 16
1 17
1 18
2 10
2 19
3 2
3 3
3 4
3 13
3 14
3 15
4 6
4 9
4 10
4 11
6 2
6 8
6 10
6 11
6 12
7 8
7 11
7 14
7 15
8 2
8 7
8 8
8 12
8 16
9 1
9 4
9 6
9 7
9 13
10 3
10 12
10 14
11 1
11 4
11 5
11 6
12 3
12 6
12 7
12 10
12 11
13 6
13 8
13 11
13 12
14 2
14 7
14 9
14 13
14 14
15 1
15 12
15 13
16 10
18 0
18 11
18 13
19 11
immuneContagious
0 2
0 12
0 14
1 5
1 7
1 11
2 1
2 5
2 6
2 7
2 9
2 11
2 12
2 13
3 7
3 11
4 1
4 4
4 5
4 7
4 14
5 1
5 2
5 3
5 5
5 7
5 8
5 13
6 0
6 6
6 7
6 9
7 5
7 9
8 0
8 3
8 5
8 13
8 14
9 10
9 12
9 15
10 0
10 2
10 5
10 11
10 13
11 0
11 10
11 11
12 9
12 13
13 4
13 5
13 10
13 13
14 0
14 3
14 4
14 8
14 10
15 2
15 14
16 0
16 11
16 13
17 0
17 13
18 12
19 13
sickSymptoms
0 16
1 19
9 3
17 2
18 2
19 0
19 2
sickNoSymptoms
0 15
5 0
10 4
12 5
15 0
16 3
17 3
19 1